0 0.920365 0.247050 0.081357 0.119044
0 0.078622 0.046519 0.061080 0.075723
0 0.032767 0.104703 0.065533 0.088562
0 0.327656 0.589047 0.044397 0.054588
0 0.068781 0.620334 0.054453 0.089317
0 0.867129 0.104187 0.063421 0.100404
0 0.810548 0.351891 0.017647 0.022614
0 0.232466 0.461166 0.073870 0.072682
0 0.454359 0.245909 0.016857 0.033503
0 0.224067 0.080419 0.048252 0.064163
0 0.683173 0.378412 0.017808 0.024412
0 0.877636 0.744228 0.028483 0.036218
0 0.255690 0.172402 0.017326 0.025843
0 0.724076 0.109750 0.026576 0.046553
0 0.388161 0.749131 0.025828 0.030510
0 0.023683 0.567447 0.046456 0.076038
0 0.613788 0.591855 0.024106 0.037923
0 0.287750 0.327320 0.022633 0.035987
0 0.903034 0.311618 0.036260 0.036919
0 0.853670 0.732479 0.022640 0.034515
